110001
000010
1110101
1110011
1111001
1111111
1111011
1000001
1110000
0101010
1001100
0111100
0010101
0011111
0100000
10110010
1010101
10101001
01000010
01111101
01111110
00110101
10100010
110000001
01100011
01011000
01001011
10110011
01100100
01000011
01100101
01011001
000011
10011010
0000000
01011010
10100011
111101010
10001011
100010101
10011011
100100100
00111000
011111001
01001100
110010101
10001100
0000001
001000
0000010
00101001
11011111
10011100
01001101
11101111
11011101
10111100
01110110
0101011
00010010
11001011
11010001
00011111
110101001
1110110
10000100
11010010
10110100
0010110
10100100
11000001
01000100
11001001
01101111
00111001
101101100
01001110
10000101
101101101
001111011
1011101
01000101
111011101
10000110
00010011
01110000
00100100
00010100
10000111
01011011
111000110
110000100
111101011
011000100
100111111
111110100
1011000
11010011
10001101
01011100
0001101
0011011
10001110
01110111
10100101
10011101
00111010
111100000
01100110
0000011
11010101
11100010
1110100
110011010
10011110
10110101
0010111
01100111
110011011
110110100
0110101
111110101
01011101
110110101
00111011
110011100
00100101
001101000
1111100
0011000
11001100
10001111
0001110
11010110
11010111
01110001
10101110
111100001
01011110
1100000001
00010101
10111101
01110010
110000101
0111101
00010110
01000110
01001111
111110110
110110110
100100101
111110111
11011000
01011111
111111000
00010111
00111100
101001100
10101111
101001101
1001011
10111110
111000111
00110010
01110011
100100110
01000111
111100010
11011110
110011101
01010000
111001000
111100011
101101110
01001000
110011110
1010000
01010001
110000110
10010000
110000111
100100111
111111001
00100110
01111111
111001001
00011000
101101111
01010010
00100111
110011111
100101000
1010110
11011001
01100000
01100001
10000000
111111010
01001001
101110000
10010001
111101000
00110011
110010000
01110100
110110111
01101000
0111110000
1000100
111001010
100101001
111001011
01010011
100101010
101001110
011011101
01101001
101110001
111011100
110100000
111101001
100101011
011000101
1100000000
0110110
101110010
101001111
110111000
100111110
000111100
100000010
100000011
00101000
010010100
100010100
0111110001
011101010
110100001
1101110011
1101110010
0001000
111111011
110010001
001101001
110010100
101110011
110101000
001111010
00011001
011101011
010010101
011011100
101010000
101010001
000111101
